G12100= -0.69871613-0.28257330*1i;
G11011=-0.51573055-0.23247968*1i;
G21110=0.01557408-0.46117993*1i;
G20021=-0.09747225-0.22785268*1i;
